raggio: 0.1575

y0: 0.514
t_ratio: 0.0268817204 #1/37.2 rapporto di trasmissione

initial_pose: {
  initial_x: -2.286034,
  initial_y: -1.444192,
  initial_theta: -1.8231359
}